2.5
5.7
7.9
8.7
8.9
8.8
8.9
8.7
8.5
8.5
8.3
8.3
8.5
9.0
9.6
10.4
11.4
11.6
11.8
11.9
11.5
11.7
11.4
11.2
11.6
11.1
11.1
12.0
12.0
12.0
11.2
10.1
9.6
9.7
8.7
8.3
7.9
7.7
8.4
7.3
6.6
5.2
5.7
5.6
5.5
6.9
7.0
7.0
7.1
7.9
8.2
8.3
8.7
8.7
8.5
8.6
8.8
5.6
4.9
4.1
3.7
3.9
4.0
3.3
4.4
4.7
3.9
2.4
1.8
3.0
3.1
3.1
5.3
6.2
5.2
5.7
6.4
6.5
5.5
5.0
4.2
2.5
3.0
3.0
2.7
2.4
2.6
3.0
4.4
6.6
6.8
7.5
8.1
8.0
8.0
8.5
6.8
8.5
8.6
8.9
8.1
8.2
6.7
3.7
3.6
4.1
4.7
4.6
4.6
4.9
4.8
4.8
4.9
5.0
5.2
5.0
4.3
3.9
3.7
4.0
5.2
6.2
7.4
7.8
7.8
7.4
6.9
7.4
7.6
8.1
8.1
8.0
7.5
7.6
7.7
7.4
7.7
8.3
8.3
6.7
6.3
6.0
5.4
5.0
5.7
6.8
7.5
7.9
8.0
7.4
7.7
5.9
6.8
6.5
5.9
5.8
6.1
6.2
5.9
5.9
4.5
4.1
4.2
5.2
4.7
5.4
5.0
5.8
